162.159.198.1:443#VPS789优选域名 TOP10 | 06-15 18:09 | BestCF.pages.dev
cdns.doon.eu.org:443#VPS789优选 | cdns.doon.eu.org
bestcfv4.030101.xyz:443#VPS789优选 | bestcfv4.030101.xyz
www.xflash.vip:443#VPS789优选 | www.xflash.vip
snipaste5.speedip.eu.org:443#VPS789优选 | snipaste5.speedip.eu.org
kuaidianlian.com.cn:443#VPS789优选 | kuaidianlian.com.cn
eteaf.cf.3666888.xyz:443#VPS789优选 | eteaf.cf.3666888.xyz
www.ntu.edu.sg:443#VPS789优选 | www.ntu.edu.sg
cu.877774.xyz:443#VPS789优选 | cu.877774.xyz
sanwang.cf.3666888.xyz:443#VPS789优选 | sanwang.cf.3666888.xyz
www.swowd.com:443#VPS789优选 | www.swowd.com
162.159.197.1:443#VPS789优选域名 | 分享免费优选网 BestCF.pages.dev
