162.159.198.1:443#VPS789优选域名 TOP10 | 06-15 14:09 | BestCF.pages.dev
cdns.doon.eu.org:443#VPS789优选 | cdns.doon.eu.org
bestcfv4.030101.xyz:443#VPS789优选 | bestcfv4.030101.xyz
yg5.ygkkk.dpdns.org:443#VPS789优选 | yg5.ygkkk.dpdns.org
snipaste5.speedip.eu.org:443#VPS789优选 | snipaste5.speedip.eu.org
kuaidianlian.com.cn:443#VPS789优选 | kuaidianlian.com.cn
gh-proxy.com:443#VPS789优选 | gh-proxy.com
nexusmods.com:443#VPS789优选 | nexusmods.com
7.cf.3666888.xyz:443#VPS789优选 | 7.cf.3666888.xyz
youxuan.cf.3666888.xyz:443#VPS789优选 | youxuan.cf.3666888.xyz
sanwang.cf.3666888.xyz:443#VPS789优选 | sanwang.cf.3666888.xyz
162.159.197.1:443#VPS789优选域名 | 分享免费优选网 BestCF.pages.dev
