saas.sin.fan:443#▼ 优选域名 TOP10 | 05-19 18:13 | YouTube@真香定律
test2.509666.xyz:443#test2.509666.xyz
cdn.204910.best:443#cdn.204910.best
8.cf.3666888.xyz:443#8.cf.3666888.xyz
yg1.ygkkk.dpdns.org:443#yg1.ygkkk.dpdns.org
yyurl.cc:443#yyurl.cc
staticdelivery.nexusmods.com:443#staticdelivery.nexusmods.com
6.cf.3666888.xyz:443#6.cf.3666888.xyz
cf.3666888.xyz:443#cf.3666888.xyz
cfvip.cf.3666888.xyz:443#cfvip.cf.3666888.xyz
zeas.top:443#zeas.top
bestcf.030101.xyz:443#▲ 优选域名 | 分享免费优选网 BestCF.pages.dev | VPS789 7*24监测
